-60.000000 0.002047
-59.000000 0.003201
-58.000000 0.006131
-57.000000 0.010808
-56.000000 0.015006
-55.000000 0.015938
-54.000000 0.019078
-53.000000 0.022059
-52.000000 0.024160
-51.000000 0.026645
-50.000000 0.027314
-49.000000 0.027996
-48.000000 0.030214
-47.000000 0.030821
-46.000000 0.031025
-45.000000 0.030699
-44.000000 0.031148
-43.000000 0.034527
-42.000000 0.035108
-41.000000 0.036316
-40.000000 0.035970
-39.000000 0.036946
-38.000000 0.039116
-37.000000 0.038577
-36.000000 0.038924
-35.000000 0.038229
-34.000000 0.038682
-33.000000 0.040638
-32.000000 0.040913
-31.000000 0.040443
-30.000000 0.039415
-29.000000 0.037850
-28.000000 0.036364
-27.000000 0.037569
-26.000000 0.039313
-25.000000 0.039257
-24.000000 0.041275
-23.000000 0.042159
-22.000000 0.040485
-21.000000 0.040587
-20.000000 0.039334
-19.000000 0.039078
-18.000000 0.038027
-17.000000 0.038140
-16.000000 0.037860
-15.000000 0.037753
-14.000000 0.039313
-13.000000 0.041531
-12.000000 0.042814
-11.000000 0.042746
-10.000000 0.043902
-9.000000 0.044152
-8.000000 0.046076
-7.000000 0.046680
-6.000000 0.048641
-5.000000 0.050280
-4.000000 0.052041
-3.000000 0.055240
-2.000000 0.056991
-1.000000 0.053754
0.000000 0.055533
1.000000 0.052940
2.000000 0.052137
3.000000 0.050747
4.000000 0.048987
5.000000 0.048893
6.000000 0.048621
7.000000 0.047629
8.000000 0.045446
9.000000 0.046416
10.000000 0.047936
11.000000 0.049197
12.000000 0.049717
13.000000 0.051653
14.000000 0.052899
15.000000 0.054033
16.000000 0.053880
17.000000 0.052193
18.000000 0.051385
19.000000 0.052207
20.000000 0.052980
21.000000 0.052809
22.000000 0.051871
23.000000 0.051880
24.000000 0.051591
25.000000 0.051423
26.000000 0.054451
27.000000 0.054625
28.000000 0.054705
29.000000 0.053504
30.000000 0.051889
31.000000 0.050236
32.000000 0.049132
33.000000 0.048430
34.000000 0.048777
35.000000 0.047851
36.000000 0.049261
37.000000 0.049950
38.000000 0.052232
39.000000 0.053383
40.000000 0.055828
41.000000 0.056918
42.000000 0.057314
43.000000 0.058515
44.000000 0.060471
45.000000 0.062124
46.000000 0.064641
47.000000 0.064861
48.000000 0.064798
49.000000 0.065202
50.000000 0.066081
51.000000 0.068751
52.000000 0.067485
53.000000 0.067375
54.000000 0.067618
55.000000 0.069317
56.000000 0.072613
57.000000 0.073248
58.000000 0.075010
59.000000 0.076450
