-60.000000 0.002208
-59.000000 0.001642
-58.000000 0.005172
-57.000000 0.010184
-56.000000 0.014131
-55.000000 0.017523
-54.000000 0.019357
-53.000000 0.021614
-52.000000 0.022741
-51.000000 0.021075
-50.000000 0.018800
-49.000000 0.019760
-48.000000 0.020217
-47.000000 0.021112
-46.000000 0.020605
-45.000000 0.019764
-44.000000 0.021122
-43.000000 0.022397
-42.000000 0.020596
-41.000000 0.021247
-40.000000 0.022094
-39.000000 0.021044
-38.000000 0.021995
-37.000000 0.020046
-36.000000 0.022027
-35.000000 0.023917
-34.000000 0.022224
-33.000000 0.027506
-32.000000 0.027615
-31.000000 0.027321
-30.000000 0.031686
-29.000000 0.030792
-28.000000 0.032400
-27.000000 0.034738
-26.000000 0.036292
-25.000000 0.037780
-24.000000 0.038517
-23.000000 0.044269
-22.000000 0.044270
-21.000000 0.044281
-20.000000 0.047221
-19.000000 0.046687
-18.000000 0.045854
-17.000000 0.045101
-16.000000 0.044476
-15.000000 0.044856
-14.000000 0.044459
-13.000000 0.044753
-12.000000 0.045517
-11.000000 0.047240
-10.000000 0.044862
-9.000000 0.044735
-8.000000 0.044634
-7.000000 0.045361
-6.000000 0.046997
-5.000000 0.047020
-4.000000 0.049067
-3.000000 0.053295
-2.000000 0.057355
-1.000000 0.047227
0.000000 0.034580
1.000000 0.035019
2.000000 0.034167
3.000000 0.037172
4.000000 0.034589
5.000000 0.033088
6.000000 0.034726
7.000000 0.032647
8.000000 0.029143
9.000000 0.028949
10.000000 0.029418
11.000000 0.030153
12.000000 0.029627
13.000000 0.030653
14.000000 0.032176
15.000000 0.033028
16.000000 0.032496
17.000000 0.030278
18.000000 0.029368
19.000000 0.028488
20.000000 0.028494
21.000000 0.028466
22.000000 0.029738
23.000000 0.031620
24.000000 0.031321
25.000000 0.033118
26.000000 0.034217
27.000000 0.032193
28.000000 0.033520
29.000000 0.030627
30.000000 0.029208
31.000000 0.026424
32.000000 0.025508
33.000000 0.022568
34.000000 0.023000
35.000000 0.020126
36.000000 0.019633
37.000000 0.020846
38.000000 0.020568
39.000000 0.022221
40.000000 0.021733
41.000000 0.025312
42.000000 0.022468
43.000000 0.022070
44.000000 0.022959
45.000000 0.022789
46.000000 0.025242
47.000000 0.026754
48.000000 0.024344
49.000000 0.020375
50.000000 0.019361
51.000000 0.021861
52.000000 0.017214
53.000000 0.021471
54.000000 0.024664
55.000000 0.022873
56.000000 0.025323
57.000000 0.028133
58.000000 0.029797
59.000000 0.029116
